START
44301
1111
42002
3120
41145
23554
42255
5312
2002
15310
15525
2105
32351
43410
35225
2332
15332
0302
15205
55021
2252
42313
14501
3002
12050
45150
3121
5331
5100
53505
54051
10211
24404
1300
34025
5122
53231
1023
15013
2202
2140
32534
1252
24205
10224
5305
21110
32241
22031
11223
5504
32355
2434
51333
43303
30243
41140
22334
5122
14444
10512
20340
1534
450
4450
30203
30055
20434
31304
1133
135
32014
25050
25200
130
33255
21140
31414
5524
53332
11005
54405
4451
13541
5313
1514
42555
14522
42230
33534
41224
2244
30105
3422
41003
2322
113
41222
0201
50103
4543

